TipoEstaca;Codigo;Latitude;Longitude
1;45740000;-13.2833;-44.5667
1;45890000;-13.5167;-44.2667
1;45910000;-13.4;-44.2
1;45910001;-13.4006;-44.1989
1;46780000;-11.0914;-45.9086
1;46790000;-11.0514;-45.1969
1;46420000;-12.8053;-45.9661
1;46455000;-12.4106;-45.1222
1;46870000;-11.2356;-43.9494
1;46720000;-11.1667;-46.1167
1;46460000;-12.3833;-45.1
1;46784000;-11.7714;-45.6019
1;45740001;-13.2853;-44.5617
1;45760000;-13.7372;-45.4639
1;45770000;-13.4528;-44.5689
1;45580000;-13.5228;-45.4003
1;46520000;-12.1944;-45.4897
1;46530000;-12.2872;-45.5494
1;46543000;-12.1358;-45.1033
1;46555000;-12.23;-44.9325
1;46550000;-12.1525;-45.0094
1;46590000;-11.8561;-45.12
1;46570000;-11.8953;-45.6081
1;45880000;-13.5586;-44.3031
1;46572000;-11.9131;-45.3572
1;45890001;-13.4833;-44.2667
1;45910002;-13.4;-44.2
1;46620001;-11.8333;-44.7333
1;46540000;-12.1167;-45.0833
1;46543001;-12.1167;-45.0667
1;46545000;-12.1167;-45.05
1;46515000;-12.1667;-44.9833
1;46550001;-12.15;-45
1;46551000;-12.1333;-44.9833
1;46610001;-11.9833;-44.8833
1;46590001;-11.8667;-45.1333
1;46591000;-11.8667;-45.0833
1;46593001;-11.9833;-44.9667
1;46570001;-11.9167;-45.65
1;46571000;-11.9167;-45.6333
1;46790001;-11.0667;-45.1833
1;46810000;-11.0167;-44.9333
1;46770001;-11;-45.5333
1;46780800;-11.1133;-45.4825
1;46438000;-12.4692;-45.2706
1;46439000;-12.5011;-45.2956
1;46470000;-12.4208;-44.8453
1;46410000;-12.7486;-45.1353
1;45830000;-14.3972;-45.5186
1;46541000;-12.1169;-45.0681
1;46542000;-12.1161;-45.0875
1;46552000;-12.1483;-45.0033
1;46583000;-11.7869;-45.61
1;46755100;-11.7125;-45.7625
1;46760000;-11.8069;-45.1906
1;46560500;-11.8469;-45.2069
1;46571100;-11.8983;-45.6106
1;46571500;-11.9925;-45.58
1;46783000;-10.6092;-45.8242
1;46775000;-11.0219;-45.5272
1;51135900;-11.0542;-45.2019
1;46781800;-11.23;-45.43
1;46782000;-11.2114;-45.4108
1;45900000;-13.4014;-44.1981
1;45354000;-12.7611;-43.9256
1;46527000;-12.8317;-45.3061
1;46416000;-12.6889;-45.9283
1;46417000;-12.6897;-45.8508
1;46430000;-12.4875;-45.8878
1;46440000;-12.4722;-45.2514
1;46454800;-12.61;-45.3064
1;46431000;-12.7978;-45.5631
1;46425000;-12.49;-45.2003
1;46469000;-12.4178;-44.7892
1;46553000;-12.12;-44.9681
1;46869000;-11.2364;-43.9475
1;46528000;-12.3769;-45.865
1;46528500;-12.1186;-45.8122
1;46529500;-12.3769;-45.865
1;46529000;-12.2994;-45.8492
1;46450000;-12.45;-45.2
1;46455001;-12.4167;-45.15
1;46460001;-12.3833;-45.1
1;46490001;-12.4;-44.95
1;46495001;-12.3667;-44.9667
1;46510000;-12.3833;-44.8333
1;46415001;-12.4333;-45.0833
1;46465000;-12.3667;-45.05
1;46466000;-12.35;-45.0333
1;46650001;-11.7333;-44.5167
1;46660000;-11.8;-44.3333
1;46675001;-11.5833;-44.15
1;46690000;-11.4667;-43.9833
1;45960002;-13.3;-43.9167
1;45980000;-13.2;-43.7333
1;46409990;-12.76;-45.1489
1;46411000;-12.6422;-45.0836
1;46413000;-12.5169;-45.0967
1;46610000;-11.9794;-44.8772
1;45960001;-13.2914;-43.9089
1;45840000;-13.7122;-44.6383
1;46750000;-10.7917;-46.0767
1;46770000;-10.9936;-45.5278
1;45930000;-13.2;-44.15
1;46560000;-11.8;-45.2167
1;45780000;-13.4333;-44.4667
1;46592000;-11.9167;-45.0167
1;46593000;-11.9833;-44.9667
1;46582000;-11.9;-45.6167
1;46585000;-11.85;-45.35
1;46781000;-11.2628;-45.2089
1;46450500;-12.4675;-45.2186
1;46451000;-12.4525;-45.1903
1;46452080;-12.4517;-45.19
1;45960003;-13.2931;-43.9086
1;46490000;-12.4044;-44.9531
1;46561000;-11.9506;-45.4386
1;46561500;-11.9925;-45.58
1;46569000;-11.9158;-45.6614
1;46570300;-11.8731;-45.9019
1;46570500;-11.9033;-45.6967
1;46755000;-11.8764;-45.9128
1;45861000;-14.5694;-45.7261
1;45862000;-14.225;-45.3089
1;45863000;-14.3972;-45.5197
1;45850000;-13.9875;-45.3881
1;45853000;-14.2186;-45.6428
1;45854000;-14.3839;-45.8394
1;46903000;-11.3453;-43.8264
1;46834900;-11.0194;-44.5069
1;51135800;-11.0194;-44.5069
1;45764900;-13.6547;-45.0697
1;45894000;-13.34;-44.6364
1;45895000;-13.3986;-44.3367
1;45700000;-12.9967;-44.8053
1;46400000;-13.0014;-45.6308
1;46415000;-12.4306;-45.0856
1;46902000;-11.345;-43.8261
1;46650000;-11.7208;-44.5022
1;46675000;-11.6106;-44.1567
1;45586000;-13.3406;-44.6858
1;45588000;-13.3408;-44.6414
1;45595000;-13.3389;-44.6328
1;45600000;-13.3344;-44.6208
1;46453000;-12.4456;-45.1656
1;46453500;-12.4286;-45.1528
1;46620000;-11.8333;-44.7333
1;45960000;-13.3;-43.9
1;45840001;-13.7167;-44.65
1;46870001;-11.2167;-43.9833
1;46902001;-11.3333;-43.85
1;45880001;-13.5833;-44.3167
1;46815000;-11;-44.85
1;46835000;-11.0167;-44.5
1;46845000;-11.05;-44.3667
1;46860000;-11.1167;-44.25
1;45770001;-13.4833;-44.6167
1;45790000;-13.4167;-44.3667
1;45590001;-13.3333;-44.6167
1;45810000;-13.6581;-44.6047
1;46830000;-11.0058;-44.5242
1;45765000;-13.6328;-45.0064
1;45690000;-13.0692;-45.0439
1;45701000;-13.2211;-45.1525
1;46595000;-12.0061;-44.9428
1;46120100;-12.4625;-43.8458
1;46785000;-11.7728;-45.2247
1;46555800;-11.7478;-45.23
1;45726000;-13.1719;-44.6828
1;45710000;-13.0792;-44.7483
1;45590000;-13.3406;-44.6386
1;46495000;-12.3667;-44.9667
1;45725000;-13.1664;-44.6683
2;1145019;-11.5119;-45.0419
2;1146000;-11.6253;-46.8106
2;1444028;-14.8172;-44.9411
2;1445000;-14.8361;-45.1733
2;1343008;-13.2925;-43.9092
2;1145013;-11.8961;-45.6119
2;1145014;-11.8525;-45.1222
2;1145024;-11.7139;-45.9742
2;1444017;-14.2683;-44.5217
2;1445004;-14.3322;-45.3969
2;1144004;-11.8272;-44.7269
2;1146016;-11.9856;-46.6522
2;1145005;-11.8931;-45.6064
2;1145016;-11.9;-45.3667
2;1444009;-14.2347;-44.6172
2;1344011;-13.2833;-44.5833
2;1346000;-13.3975;-46.3158
2;1346002;-13.6858;-46.5656
2;1346005;-13.5508;-46.4672
2;1144014;-11.9794;-44.8772
2;1344002;-13.2778;-44.5589
2;1344017;-13.4006;-44.1975
2;1446004;-14.8039;-46.2533
2;1145001;-11.0478;-45.2019
2;1145004;-10.9925;-45.5267
2;1145020;-11.4603;-45.6153
2;1145033;-11.8814;-45.6119
2;1146005;-11.1519;-46.0608
2;1146006;-11.5408;-46.2369
2;1045006;-10.5622;-45.695
2;1045013;-10.7486;-45.3589
2;1045014;-10.5061;-45.5006
2;1046002;-10.795;-46.0789
2;1046008;-10.9297;-46.0539
2;1046009;-10.6567;-46.1881
2;1046010;-10.95;-46.2744
2;1245040;-12.1656;-45.3286
2;1246001;-12.7139;-46.4086
2;1445010;-14.1544;-45.4586
2;1345014;-13.7603;-45.1317
2;1345015;-13.9253;-45.5478
2;1345002;-13.0153;-45.6308
2;1345018;-13.0994;-45.8444
2;1345019;-13.0908;-45.6614
2;1346007;-13.3125;-46.0631
2;1346017;-11.2872;-46.0244
2;1346018;-13.1919;-46.1819
2;1244019;-12.3892;-44.9322
2;1244020;-12.9936;-44.8061
2;1244027;-12.8214;-44.9203
2;1245005;-12.4114;-45.1203
2;1245007;-12.4306;-45.0858
2;1245015;-12.7653;-45.9439
2;1245016;-12.6636;-45.0194
2;1245037;-12.9647;-45.0867
2;1443001;-14.7567;-43.9322
2;1444003;-14.7475;-44.4111
2;1144005;-11.6139;-44.1575
2;1046001;-10.5464;-46.4186
2;1244023;-12.6606;-44.3892
2;1244025;-12.6531;-44.5831
2;1244026;-12.9458;-44.5311
2;1443002;-14.3044;-43.7681
2;1244022;-12.2325;-44.3872
2;1143010;-11.3553;-43.8456
2;1143025;-11.2356;-43.9494
2;1146001;-11.1667;-46.1167
2;1246004;-12.4028;-46.4378
2;1446000;-14.5617;-46.175
2;1244015;-12.3667;-44.9833
2;1245000;-12.4333;-45.25
2;1443003;-14.2833;-43.9833
2;1444006;-14.8417;-44.4297
2;1144000;-11.7228;-44.5022
2;1446001;-14.4833;-46.4917
2;1146025;-11.9808;-46.6425
2;1146026;-11.9381;-46.595
2;1344010;-13.4;-44.2
2;1444015;-14.1803;-44.5308
2;1146011;-11.6922;-46.7044
2;1344014;-13.3364;-44.6522
2;1344016;-13.4508;-44.5656
2;1344025;-13.0833;-44.7169
2;1344031;-13.2533;-44.6711
2;1345000;-13.7342;-45.4033
2;1345003;-13.7714;-45.5472
2;1345004;-13.7014;-45.8906
2;1345008;-13.7603;-45.1317
2;1345013;-13.6208;-45.3725
2;1345016;-12.4017;-45.1308
2;1345017;-13.3133;-45.5169
2;1345021;-13.7019;-45.8911
2;1346006;-13.7519;-46.14
2;1346009;-13.9589;-46.0956
2;1346015;-13.8728;-46.1817
2;1346016;-13.5003;-46.0144
2;1144027;-11.0061;-44.5256
2;1444000;-14.3136;-44.4603
2;1444001;-14.4311;-44.4817
2;1444004;-14.2658;-44.1572
2;1444005;-14.2806;-44.4094
2;1344015;-13.5667;-44.3061
2;1344028;-13.8231;-44.46
2;1344030;-13.0092;-44.6106
2;945018;-9.9311;-45.4767
2;1445009;-14.8258;-45.9789
2;1045010;-10.1533;-45.1922
2;1443024;-14.6167;-43.7833
2;1243013;-12.7667;-43.95
2;1245001;-12.4333;-45.0833
2;1044007;-10.7164;-44.0347
2;1446009;-14.7858;-46.2472
2;1446010;-14.695;-46.2867
2;1446011;-14.6825;-46.2992
2;1146017;-11.8906;-46.7681
2;1446006;-14.6858;-46.3003
2;1346008;-13.4144;-46.3642
2;1346012;-13.4058;-46.3425
2;1443013;-14.3333;-43.7833
2;1144026;-11.9833;-44.8833
2;1344012;-13.4833;-44.2667
2;1344021;-13.4;-44.2
2;1344022;-13.2833;-44.5833
2;1144017;-11.9833;-44.9833
2;1145011;-11.7833;-45.9667
2;1145018;-11.8667;-45.1333
2;1444010;-14.1833;-44.5333
2;1245006;-12.1167;-45.05
2;1245009;-12.15;-45
2;1245010;-12.1167;-45.0833
2;1443011;-14.4;-43.85
2;1443023;-14.7667;-43.9333
2;1443027;-14.7625;-43.935
2;1443028;-14.8572;-43.9228
2;1444011;-14.6667;-44.1667
2;1145012;-11.05;-45.1833
2;1145015;-11.0167;-45.5333
2;1145017;-11.0667;-45.1833
2;1046006;-10.6031;-46.6608
2;1244024;-12.7133;-44.5939
2;1046007;-10.1314;-46.4892
2;1145032;-11.2164;-45.8506
2;1046004;-10.6561;-46.1881
2;1245034;-12.4533;-45.8556
2;1245035;-12.6369;-45.5272
2;1246015;-12.2236;-46.0281
2;1146021;-11.3428;-46.7592
2;1146018;-11.9767;-46.2114
2;1444023;-14.9542;-44.9542
2;1345012;-13.3131;-45.5167
2;1045012;-10.3631;-45.6158
2;1146029;-11.9283;-46.3144
2;1443018;-14.3;-43.7667
2;1244004;-12.0297;-44.2564
2;1244018;-12.9833;-44.05
2;1446012;-14.3272;-46.2311
2;1145023;-11.9572;-45.4561
2;1145028;-11.8067;-45.19
2;1444021;-14.2322;-44.6253
2;1445003;-14.6406;-45.5014
2;1245022;-12.0717;-45.4892
2;1245023;-12.1589;-45.3292
2;1245028;-12.365;-45.8611
2;1245029;-12.2917;-45.5428
2;1246012;-12.5281;-46.2656
2;1246014;-12.4686;-46.4433
2;1346014;-13.3736;-46.3842
2;1244010;-12.1556;-45.0081
2;1246003;-12.4;-46.4167
2;1443010;-14.7167;-43.95
2;1446007;-14.9614;-46.7808
2;1145025;-11.2081;-45.4086
2;1145029;-11.2114;-45.4108
2;1146007;-11.0417;-46.2944
2;1146008;-11.3831;-46.5033
2;1146009;-11.5972;-46.0036
2;1045007;-10.5989;-45.8211
2;1045008;-11.0931;-45.9486
2;1346010;-13.2844;-46.0267
2;1245025;-12.7794;-45.9425
2;1245026;-12.8011;-45.7283
2;1245027;-12.6422;-45.4514
2;1245030;-12.8364;-45.3056
2;1245031;-12.4722;-45.2514
2;1246006;-12.6442;-46.1928
2;1246009;-12.6342;-46.1525
2;1145027;-11.9033;-45.6967
2;1146002;-11.7358;-46.7519
2;1146004;-11.4661;-46.82
2;1146013;-11.4692;-46.8136
2;1245002;-12.3333;-45
2;1245003;-12.6833;-45.8333
2;1245011;-12.4;-45.15
2;1245012;-12.4333;-45.1
2;1144016;-11.75;-44.5167
2;1144022;-11.3333;-44.3333
2;1144025;-11.5;-44
2;1146014;-11.8161;-46.7875
2;1343023;-13.3;-43.9167
2;1245064;-12.76;-45.1489
2;1245065;-12.6422;-45.0836
2;1245066;-12.5169;-45.0967
2;1446003;-14.9333;-46.25
2;1044009;-10.2311;-44.2394
2;1146015;-11.9528;-46.7547
2;1146020;-11.7792;-46.4119
2;1044008;-10.2197;-44.6414
2;1445005;-14.5911;-45.8669
2;1445006;-14.0797;-45.855
2;1445011;-14.5903;-45.8525
2;1446008;-14.0972;-46.1453
2;1446016;-14.0961;-46.1456
2;1344013;-13.7106;-44.6325
2;1345020;-13.8942;-45.8328
2;1346004;-13.0367;-46.7769
2;1443022;-14.2969;-43.7711
2;1344003;-13.0825;-44.6197
2;1344007;-13.4;-44.2
2;1344008;-13.1961;-44.1533
2;1043000;-10.0333;-43.95
2;1043001;-10.3667;-43.9667
2;1244002;-12.0103;-44.6969
2;945001;-9.95;-45.4833
2;1145000;-11.9167;-45.0333
2;1145009;-11.9167;-45.6333
2;1145022;-11.9167;-45.4167
2;1444020;-14.2167;-44.6167
2;1045000;-10.5167;-45.2167
2;1045001;-10.45;-45.15
2;1045003;-10.05;-45.0667
2;1045005;-10.65;-45.1833
2;1244009;-12.1667;-44.9833
2;1443006;-14.7;-43.8167
2;1443007;-14.7667;-43.9333
2;1443008;-14.8667;-43.9167
2;1443009;-14.9333;-43.7
2;1344000;-13.4356;-44.4986
2;1345001;-13.3825;-45.3592
2;1143014;-11.2167;-43.9833
2;1144009;-11.0181;-44.5125
2;1444002;-14.4167;-44.3833
2;1444008;-14.3486;-44.5694
2;1146027;-11.9311;-46.3322
2;1244011;-11.1544;-45.0092
2;1244021;-12.2322;-44.9342
2;1245004;-12.1347;-45.1042
2;1245014;-12.1256;-45.8108
2;1245017;-12.2908;-45.5447
2;1245036;-12.2994;-45.4497
2;1245039;-12.2342;-45.2961
2;1245060;-12.2256;-45.6417
2;1245061;-12.0719;-45.4869
2;1245062;-12.1914;-45.5925
2;1245032;-12.4675;-45.2019
2;1245018;-12.1072;-45.9536
2;1245019;-12.0697;-45.8944
2;1245020;-12.0631;-45.5589
2;1245021;-12.0589;-45.5931
2;1245024;-12.0858;-45.8058
2;1246005;-12.0311;-46.0528
2;1445001;-14.3875;-45.8386
2;1445002;-14.2592;-45.2772
2;1345007;-13.9861;-45.3875
2;1345005;-13.2206;-45.1533
2;1345006;-13.74;-45.4644
2;1345022;-13.6547;-45.0697
2;1346011;-13.9383;-46.1864
2;1046003;-10.5486;-46.7589
2;1146003;-11.6764;-46.6642
2;1146012;-11.6981;-46.7367
2;1246010;-12.6464;-46.6572
2;1243019;-12.7692;-43.9575
2;1245041;-12.7833;-45.1606
2;1245042;-12.6628;-45.3617
2;1245043;-12.7369;-45.5369
2;1245044;-12.7458;-45.9458
2;1245045;-12.5722;-45.765
2;1245046;-12.8367;-45.3058
2;1245047;-12.4533;-45.8556
2;1245048;-11.4758;-45.4814
2;1245049;-12.4319;-45.2189
2;1245050;-12.5794;-45.9411
2;1245051;-12.8008;-45.7272
2;1245052;-12.6639;-45.02
2;1245053;-12.6344;-45.4547
2;1245054;-12.6544;-45.6258
2;1245055;-12.6544;-45.6258
2;1245056;-12.9761;-45.5025
2;1245058;-12.4253;-45.6258
2;1246017;-12.6172;-46.1181
2;1246018;-12.3564;-46.0736
2;1246021;-12.7969;-46.0922
2;1246023;-12.9947;-46.0819
2;1245038;-12.1792;-45.7522
2;1245057;-12.1364;-45.8108
2;1245059;-12.3158;-45.8283
2;1245063;-12.2633;-45.7622
2;1246008;-12.1719;-46.2294
2;1246019;-12.1669;-46.2181
2;1246020;-12.4039;-46.1233
2;1246022;-12.2236;-46.0272
2;1446014;-14.3575;-46.1978
2;1144008;-11.0025;-44.5247
2;1446002;-14.0842;-46.3711
2;1344024;-13.3467;-44.6353
2;1344026;-13.3356;-44.6236
2;1344027;-13.3406;-44.6411
2;1344029;-13.3406;-44.6858
2;1446015;-14.3722;-46.2908
2;1146028;-11.9244;-46.255
2;1344001;-13.8333;-44.4667
2;1143009;-11.3428;-43.825
2;1043004;-10.8;-43.7833
2;1144002;-11;-44.5167
2;1144006;-11.3333;-44.9333
2;1244008;-12.4;-44.25
2;1344004;-13.3333;-44.6333
2;1344009;-13.7;-44.6333
2;1145003;-11.5333;-45.0667
2;1243010;-12.4833;-43.95
2;1245033;-12.4286;-45.1528
2;1346013;-13.4172;-46.3875
2;1146022;-11.7097;-46.7506
2;1143021;-11.3333;-43.85
2;1143022;-11.2333;-43.95
2;1144018;-11.0167;-44.5333
2;1144019;-11.1333;-44.25
2;1144020;-11.0833;-44.9167
2;1144023;-11.1;-44.75
2;1144024;-11.0667;-44.3333
2;1444013;-14.2667;-44.1667
2;1444019;-14.4228;-44.3656
2;1344023;-13.5833;-44.3167
2;1444018;-14.88;-44.0844
2;1344018;-13.4833;-44.6167
2;1344019;-13.3333;-44.6167
2;1344020;-13.7167;-44.65
2;1144015;-11.85;-44.7167
2;1145010;-11.7833;-45.2333
2;1446005;-14.0819;-46.3625
2;1244000;-12.7244;-44.5597
2;1244001;-12.3161;-44.8603
2;1244006;-12.6617;-44.285
2;1244007;-12.3069;-44.5344
2;1244016;-12.4364;-44.6175
2;1145002;-11.05;-45.2
2;1145006;-11.0206;-45.5258
2;1145008;-11.1692;-45.0861
2;1145021;-11.0333;-45.5333
2;1244003;-12.2319;-44.4186
2;1246000;-12.0908;-46.4794
2;1445007;-14.14;-45.47
2;1445008;-14.6139;-45.1547
2;1345010;-13.7175;-45.0122
2;1045011;-10.0442;-45.325
2;1444022;-14.5297;-44.6558
2;1345009;-13.6425;-45.485
2;1345011;-13.4133;-45.1897
2;1043009;-10.7978;-43.82
2;1244014;-12.3667;-44.9833
2;1045002;-10.5833;-45.2833
2;1443021;-14.3;-43.7667
2;1444014;-14.0333;-44.2
2;1444016;-14.2667;-44.1333
2;1144011;-11.8153;-44.3383
2;1144013;-11.7189;-44.5019
2;1144021;-11.5833;-44.1667
2;1344005;-13.05;-44.2
2;1044000;-10.0333;-44.2833
2;1044004;-10.4667;-44.05
2;1343002;-13;-43.7667
2;1343004;-13.2667;-43.9167
2;1145026;-11.6233;-45.6436
2;1146010;-11.7572;-46.2036
2;1244005;-12;-44.95
2;1244012;-12.0069;-44.9436
2;1244017;-12.9792;-44.0572
2;1045004;-10.05;-45.3667
2;1044001;-10.6;-44.6833
2;1044002;-10.0833;-44.9833
2;1044003;-10.2167;-44.6333
2;944002;-9.9833;-44.6167
2;1143013;-11.2014;-43.6739
2;1243002;-12.1997;-43.8317
2;1144007;-11.1833;-44.1333
2;1144010;-11.0094;-44.8658
2;1444012;-14.4333;-44.5167
2;1044005;-10.9667;-44.15
2;1044006;-10.6994;-44.4508
2;1344006;-13.435;-44.4967
2;1244013;-12.0183;-44.0333
2;1144003;-11.4161;-44.9894
2;1144012;-11.7494;-44.9089
2;1145007;-11.8167;-45.15
2;1243012;-12.3561;-43.6981
2;1145030;-11.4853;-45.1831
2;1145031;-11.7494;-45.6
2;1243028;-12.1253;-43.8842
2;1243020;-12.4853;-43.9406
2;1246007;-12.4056;-46.1325
2;1246013;-12.1561;-46.82
2;1446013;-14.0926;-46.362
2;1246002;-12.4067;-46.4333
